solid 13_580
   facet normal -1.000000e+000 0.000000e+000 0.000000e+000
      outer loop
         vertex 0.000000e+000 1.000000e+001 1.000000e+001
         vertex 0.000000e+000 1.000000e+001 0.000000e+000
         vertex 0.000000e+000 0.000000e+000 1.000000e+001
      endloop
   endfacet
   facet normal -1.000000e+000 0.000000e+000 0.000000e+000
      outer loop
         vertex 0.000000e+000 0.000000e+000 1.000000e+001
         vertex 0.000000e+000 1.000000e+001 0.000000e+000
         vertex 0.000000e+000 0.000000e+000 0.000000e+000
      endloop
   endfacet
   facet normal 0.000000e+000 0.000000e+000 1.000000e+000
      outer loop
         vertex 8.591327e+000 9.751614e+000 1.000000e+001
         vertex 8.569595e+000 1.000000e+001 1.000000e+001
         vertex 0.000000e+000 1.000000e+001 1.000000e+001
      endloop
   endfacet
   facet normal 0.000000e+000 0.000000e+000 1.000000e+000
      outer loop
         vertex 9.080554e+000 8.904246e+000 1.000000e+001
         vertex 8.904246e+000 9.080554e+000 1.000000e+001
         vertex 0.000000e+000 0.000000e+000 1.000000e+001
      endloop
   endfacet
   facet normal 0.000000e+000 0.000000e+000 1.000000e+000
      outer loop
         vertex 0.000000e+000 0.000000e+000 1.000000e+001
         vertex 8.904246e+000 9.080554e+000 1.000000e+001
         vertex 8.761233e+000 9.284798e+000 1.000000e+001
      endloop
   endfacet
   facet normal 0.000000e+000 0.000000e+000 1.000000e+000
      outer loop
         vertex 0.000000e+000 0.000000e+000 1.000000e+001
         vertex 8.761233e+000 9.284798e+000 1.000000e+001
         vertex 0.000000e+000 1.000000e+001 1.000000e+001
      endloop
   endfacet
   facet normal 0.000000e+000 0.000000e+000 1.000000e+000
      outer loop
         vertex 0.000000e+000 1.000000e+001 1.000000e+001
         vertex 8.761233e+000 9.284798e+000 1.000000e+001
         vertex 8.655860e+000 9.510774e+000 1.000000e+001
      endloop
   endfacet
   facet normal 0.000000e+000 0.000000e+000 1.000000e+000
      outer loop
         vertex 0.000000e+000 1.000000e+001 1.000000e+001
         vertex 8.655860e+000 9.510774e+000 1.000000e+001
         vertex 8.591327e+000 9.751614e+000 1.000000e+001
      endloop
   endfacet
   facet normal 0.000000e+000 0.000000e+000 1.000000e+000
      outer loop
         vertex 1.000000e+001 8.569595e+000 1.000000e+001
         vertex 9.751614e+000 8.591327e+000 1.000000e+001
         vertex 1.000000e+001 0.000000e+000 1.000000e+001
      endloop
   endfacet
   facet normal 0.000000e+000 0.000000e+000 1.000000e+000
      outer loop
         vertex 1.000000e+001 0.000000e+000 1.000000e+001
         vertex 9.751614e+000 8.591327e+000 1.000000e+001
         vertex 9.510774e+000 8.655860e+000 1.000000e+001
      endloop
   endfacet
   facet normal 0.000000e+000 0.000000e+000 1.000000e+000
      outer loop
         vertex 1.000000e+001 0.000000e+000 1.000000e+001
         vertex 9.510774e+000 8.655860e+000 1.000000e+001
         vertex 0.000000e+000 0.000000e+000 1.000000e+001
      endloop
   endfacet
   facet normal 0.000000e+000 0.000000e+000 1.000000e+000
      outer loop
         vertex 0.000000e+000 0.000000e+000 1.000000e+001
         vertex 9.510774e+000 8.655860e+000 1.000000e+001
         vertex 9.284798e+000 8.761233e+000 1.000000e+001
      endloop
   endfacet
   facet normal 0.000000e+000 0.000000e+000 1.000000e+000
      outer loop
         vertex 0.000000e+000 0.000000e+000 1.000000e+001
         vertex 9.284798e+000 8.761233e+000 1.000000e+001
         vertex 9.080554e+000 8.904246e+000 1.000000e+001
      endloop
   endfacet
   facet normal 1.000000e+000 0.000000e+000 0.000000e+000
      outer loop
         vertex 1.000000e+001 8.569595e+000 1.000000e+001
         vertex 1.000000e+001 0.000000e+000 1.000000e+001
         vertex 1.000000e+001 8.569595e+000 4.608258e+000
      endloop
   endfacet
   facet normal 1.000000e+000 0.000000e+000 0.000000e+000
      outer loop
         vertex 1.000000e+001 8.569595e+000 4.608258e+000
         vertex 1.000000e+001 0.000000e+000 1.000000e+001
         vertex 1.000000e+001 0.000000e+000 0.000000e+000
      endloop
   endfacet
   facet normal 1.000000e+000 0.000000e+000 0.000000e+000
      outer loop
         vertex 1.000000e+001 8.569595e+000 4.608258e+000
         vertex 1.000000e+001 0.000000e+000 0.000000e+000
         vertex 1.000000e+001 1.000000e+001 4.608258e+000
      endloop
   endfacet
   facet normal 1.000000e+000 0.000000e+000 0.000000e+000
      outer loop
         vertex 1.000000e+001 1.000000e+001 4.608258e+000
         vertex 1.000000e+001 0.000000e+000 0.000000e+000
         vertex 1.000000e+001 1.000000e+001 0.000000e+000
      endloop
   endfacet
   facet normal 0.000000e+000 0.000000e+000 -1.000000e+000
      outer loop
         vertex 0.000000e+000 1.000000e+001 0.000000e+000
         vertex 1.000000e+001 1.000000e+001 0.000000e+000
         vertex 0.000000e+000 0.000000e+000 0.000000e+000
      endloop
   endfacet
   facet normal 0.000000e+000 0.000000e+000 -1.000000e+000
      outer loop
         vertex 0.000000e+000 0.000000e+000 0.000000e+000
         vertex 1.000000e+001 1.000000e+001 0.000000e+000
         vertex 1.000000e+001 0.000000e+000 0.000000e+000
      endloop
   endfacet
   facet normal 0.000000e+000 1.000000e+000 0.000000e+000
      outer loop
         vertex 1.000000e+001 1.000000e+001 4.608258e+000
         vertex 1.000000e+001 1.000000e+001 0.000000e+000
         vertex 8.569595e+000 1.000000e+001 4.608258e+000
      endloop
   endfacet
   facet normal 0.000000e+000 1.000000e+000 0.000000e+000
      outer loop
         vertex 8.569595e+000 1.000000e+001 4.608258e+000
         vertex 1.000000e+001 1.000000e+001 0.000000e+000
         vertex 0.000000e+000 1.000000e+001 0.000000e+000
      endloop
   endfacet
   facet normal 0.000000e+000 1.000000e+000 0.000000e+000
      outer loop
         vertex 8.569595e+000 1.000000e+001 4.608258e+000
         vertex 0.000000e+000 1.000000e+001 0.000000e+000
         vertex 8.569595e+000 1.000000e+001 1.000000e+001
      endloop
   endfacet
   facet normal 0.000000e+000 1.000000e+000 0.000000e+000
      outer loop
         vertex 8.569595e+000 1.000000e+001 1.000000e+001
         vertex 0.000000e+000 1.000000e+001 0.000000e+000
         vertex 0.000000e+000 1.000000e+001 1.000000e+001
      endloop
   endfacet
   facet normal 0.000000e+000 -1.000000e+000 0.000000e+000
      outer loop
         vertex 1.000000e+001 0.000000e+000 0.000000e+000
         vertex 1.000000e+001 0.000000e+000 1.000000e+001
         vertex 0.000000e+000 0.000000e+000 0.000000e+000
      endloop
   endfacet
   facet normal 0.000000e+000 -1.000000e+000 0.000000e+000
      outer loop
         vertex 0.000000e+000 0.000000e+000 0.000000e+000
         vertex 1.000000e+001 0.000000e+000 1.000000e+001
         vertex 0.000000e+000 0.000000e+000 1.000000e+001
      endloop
   endfacet
   facet normal 9.983119e-001 5.807913e-002 0.000000e+000
      outer loop
         vertex 8.569595e+000 1.000000e+001 4.608258e+000
         vertex 8.569595e+000 1.000000e+001 1.000000e+001
         vertex 8.591327e+000 9.751614e+000 1.000000e+001
      endloop
   endfacet
   facet normal 9.932307e-001 1.161583e-001 0.000000e+000
      outer loop
         vertex 8.569595e+000 1.000000e+001 4.608258e+000
         vertex 8.591327e+000 9.751614e+000 1.000000e+001
         vertex 8.591327e+000 9.751614e+000 4.608258e+000
      endloop
   endfacet
   facet normal 9.730600e-001 2.305519e-001 0.000000e+000
      outer loop
         vertex 8.591327e+000 9.751614e+000 4.608258e+000
         vertex 8.591327e+000 9.751614e+000 1.000000e+001
         vertex 8.655860e+000 9.510774e+000 1.000000e+001
      endloop
   endfacet
   facet normal 9.579706e-001 2.868663e-001 0.000000e+000
      outer loop
         vertex 8.591327e+000 9.751614e+000 4.608258e+000
         vertex 8.655860e+000 9.510774e+000 1.000000e+001
         vertex 8.655860e+000 9.510774e+000 4.608258e+000
      endloop
   endfacet
   facet normal 9.182422e-001 3.960194e-001 0.000000e+000
      outer loop
         vertex 8.655860e+000 9.510774e+000 4.608258e+000
         vertex 8.655860e+000 9.510774e+000 1.000000e+001
         vertex 8.761233e+000 9.284798e+000 1.000000e+001
      endloop
   endfacet
   facet normal 8.936031e-001 4.488580e-001 0.000000e+000
      outer loop
         vertex 8.655860e+000 9.510774e+000 4.608258e+000
         vertex 8.761233e+000 9.284798e+000 1.000000e+001
         vertex 8.761233e+000 9.284798e+000 4.608258e+000
      endloop
   endfacet
   facet normal 8.355240e-001 5.494540e-001 0.000000e+000
      outer loop
         vertex 8.761233e+000 9.284798e+000 4.608258e+000
         vertex 8.761233e+000 9.284798e+000 1.000000e+001
         vertex 8.904246e+000 9.080554e+000 1.000000e+001
      endloop
   endfacet
   facet normal 8.020838e-001 5.972114e-001 0.000000e+000
      outer loop
         vertex 8.761233e+000 9.284798e+000 4.608258e+000
         vertex 8.904246e+000 9.080554e+000 1.000000e+001
         vertex 8.904246e+000 9.080554e+000 4.608258e+000
      endloop
   endfacet
   facet normal 7.274188e-001 6.861938e-001 0.000000e+000
      outer loop
         vertex 8.904246e+000 9.080554e+000 4.608258e+000
         vertex 8.904246e+000 9.080554e+000 1.000000e+001
         vertex 9.080554e+000 8.904246e+000 1.000000e+001
      endloop
   endfacet
   facet normal 6.861938e-001 7.274188e-001 0.000000e+000
      outer loop
         vertex 8.904246e+000 9.080554e+000 4.608258e+000
         vertex 9.080554e+000 8.904246e+000 1.000000e+001
         vertex 9.080554e+000 8.904246e+000 4.608258e+000
      endloop
   endfacet
   facet normal 5.972114e-001 8.020838e-001 0.000000e+000
      outer loop
         vertex 9.080554e+000 8.904246e+000 4.608258e+000
         vertex 9.080554e+000 8.904246e+000 1.000000e+001
         vertex 9.284798e+000 8.761233e+000 1.000000e+001
      endloop
   endfacet
   facet normal 5.494540e-001 8.355240e-001 0.000000e+000
      outer loop
         vertex 9.080554e+000 8.904246e+000 4.608258e+000
         vertex 9.284798e+000 8.761233e+000 1.000000e+001
         vertex 9.284798e+000 8.761233e+000 4.608258e+000
      endloop
   endfacet
   facet normal 4.488580e-001 8.936031e-001 0.000000e+000
      outer loop
         vertex 9.284798e+000 8.761233e+000 4.608258e+000
         vertex 9.284798e+000 8.761233e+000 1.000000e+001
         vertex 9.510774e+000 8.655860e+000 1.000000e+001
      endloop
   endfacet
   facet normal 3.960194e-001 9.182422e-001 0.000000e+000
      outer loop
         vertex 9.284798e+000 8.761233e+000 4.608258e+000
         vertex 9.510774e+000 8.655860e+000 1.000000e+001
         vertex 9.510774e+000 8.655860e+000 4.608258e+000
      endloop
   endfacet
   facet normal 2.868663e-001 9.579706e-001 0.000000e+000
      outer loop
         vertex 9.510774e+000 8.655860e+000 4.608258e+000
         vertex 9.510774e+000 8.655860e+000 1.000000e+001
         vertex 9.751614e+000 8.591327e+000 1.000000e+001
      endloop
   endfacet
   facet normal 2.305519e-001 9.730600e-001 0.000000e+000
      outer loop
         vertex 9.510774e+000 8.655860e+000 4.608258e+000
         vertex 9.751614e+000 8.591327e+000 1.000000e+001
         vertex 9.751614e+000 8.591327e+000 4.608258e+000
      endloop
   endfacet
   facet normal 1.161583e-001 9.932307e-001 0.000000e+000
      outer loop
         vertex 9.751614e+000 8.591327e+000 4.608258e+000
         vertex 9.751614e+000 8.591327e+000 1.000000e+001
         vertex 1.000000e+001 8.569595e+000 1.000000e+001
      endloop
   endfacet
   facet normal 5.807913e-002 9.983119e-001 0.000000e+000
      outer loop
         vertex 9.751614e+000 8.591327e+000 4.608258e+000
         vertex 1.000000e+001 8.569595e+000 1.000000e+001
         vertex 1.000000e+001 8.569595e+000 4.608258e+000
      endloop
   endfacet
   facet normal 0.000000e+000 0.000000e+000 1.000000e+000
      outer loop
         vertex 9.751614e+000 8.591327e+000 4.608258e+000
         vertex 1.000000e+001 8.569595e+000 4.608258e+000
         vertex 1.000000e+001 1.000000e+001 4.608258e+000
      endloop
   endfacet
   facet normal 0.000000e+000 0.000000e+000 1.000000e+000
      outer loop
         vertex 9.751614e+000 8.591327e+000 4.608258e+000
         vertex 1.000000e+001 1.000000e+001 4.608258e+000
         vertex 9.510774e+000 8.655860e+000 4.608258e+000
      endloop
   endfacet
   facet normal 0.000000e+000 0.000000e+000 1.000000e+000
      outer loop
         vertex 1.000000e+001 1.000000e+001 4.608258e+000
         vertex 8.569595e+000 1.000000e+001 4.608258e+000
         vertex 8.591327e+000 9.751614e+000 4.608258e+000
      endloop
   endfacet
   facet normal 0.000000e+000 0.000000e+000 1.000000e+000
      outer loop
         vertex 8.904246e+000 9.080554e+000 4.608258e+000
         vertex 9.080554e+000 8.904246e+000 4.608258e+000
         vertex 1.000000e+001 1.000000e+001 4.608258e+000
      endloop
   endfacet
   facet normal 0.000000e+000 0.000000e+000 1.000000e+000
      outer loop
         vertex 1.000000e+001 1.000000e+001 4.608258e+000
         vertex 9.080554e+000 8.904246e+000 4.608258e+000
         vertex 9.284798e+000 8.761233e+000 4.608258e+000
      endloop
   endfacet
   facet normal 0.000000e+000 0.000000e+000 1.000000e+000
      outer loop
         vertex 1.000000e+001 1.000000e+001 4.608258e+000
         vertex 9.284798e+000 8.761233e+000 4.608258e+000
         vertex 9.510774e+000 8.655860e+000 4.608258e+000
      endloop
   endfacet
   facet normal 0.000000e+000 0.000000e+000 1.000000e+000
      outer loop
         vertex 8.591327e+000 9.751614e+000 4.608258e+000
         vertex 8.655860e+000 9.510774e+000 4.608258e+000
         vertex 1.000000e+001 1.000000e+001 4.608258e+000
      endloop
   endfacet
   facet normal 0.000000e+000 0.000000e+000 1.000000e+000
      outer loop
         vertex 1.000000e+001 1.000000e+001 4.608258e+000
         vertex 8.655860e+000 9.510774e+000 4.608258e+000
         vertex 8.761233e+000 9.284798e+000 4.608258e+000
      endloop
   endfacet
   facet normal 0.000000e+000 0.000000e+000 1.000000e+000
      outer loop
         vertex 1.000000e+001 1.000000e+001 4.608258e+000
         vertex 8.761233e+000 9.284798e+000 4.608258e+000
         vertex 8.904246e+000 9.080554e+000 4.608258e+000
      endloop
   endfacet
endsolid