solid 13_607
   facet normal -1.000000e+000 0.000000e+000 0.000000e+000
      outer loop
         vertex 0.000000e+000 1.000000e+001 1.000000e+001
         vertex 0.000000e+000 1.000000e+001 0.000000e+000
         vertex 0.000000e+000 0.000000e+000 1.000000e+001
      endloop
   endfacet
   facet normal -1.000000e+000 0.000000e+000 0.000000e+000
      outer loop
         vertex 0.000000e+000 0.000000e+000 1.000000e+001
         vertex 0.000000e+000 1.000000e+001 0.000000e+000
         vertex 0.000000e+000 0.000000e+000 0.000000e+000
      endloop
   endfacet
   facet normal 0.000000e+000 0.000000e+000 1.000000e+000
      outer loop
         vertex 7.144859e+000 9.589493e+000 1.000000e+001
         vertex 7.115499e+000 1.000000e+001 1.000000e+001
         vertex 0.000000e+000 1.000000e+001 1.000000e+001
      endloop
   endfacet
   facet normal 0.000000e+000 0.000000e+000 1.000000e+000
      outer loop
         vertex 7.820040e+000 8.111053e+000 1.000000e+001
         vertex 0.000000e+000 0.000000e+000 1.000000e+001
         vertex 8.111053e+000 7.820040e+000 1.000000e+001
      endloop
   endfacet
   facet normal 0.000000e+000 0.000000e+000 1.000000e+000
      outer loop
         vertex 8.111053e+000 7.820040e+000 1.000000e+001
         vertex 0.000000e+000 0.000000e+000 1.000000e+001
         vertex 8.440520e+000 7.573403e+000 1.000000e+001
      endloop
   endfacet
   facet normal 0.000000e+000 0.000000e+000 1.000000e+000
      outer loop
         vertex 7.820040e+000 8.111053e+000 1.000000e+001
         vertex 7.573403e+000 8.440520e+000 1.000000e+001
         vertex 0.000000e+000 0.000000e+000 1.000000e+001
      endloop
   endfacet
   facet normal 0.000000e+000 0.000000e+000 1.000000e+000
      outer loop
         vertex 0.000000e+000 0.000000e+000 1.000000e+001
         vertex 7.573403e+000 8.440520e+000 1.000000e+001
         vertex 7.376165e+000 8.801735e+000 1.000000e+001
      endloop
   endfacet
   facet normal 0.000000e+000 0.000000e+000 1.000000e+000
      outer loop
         vertex 0.000000e+000 0.000000e+000 1.000000e+001
         vertex 7.376165e+000 8.801735e+000 1.000000e+001
         vertex 0.000000e+000 1.000000e+001 1.000000e+001
      endloop
   endfacet
   facet normal 0.000000e+000 0.000000e+000 1.000000e+000
      outer loop
         vertex 0.000000e+000 1.000000e+001 1.000000e+001
         vertex 7.376165e+000 8.801735e+000 1.000000e+001
         vertex 7.232341e+000 9.187343e+000 1.000000e+001
      endloop
   endfacet
   facet normal 0.000000e+000 0.000000e+000 1.000000e+000
      outer loop
         vertex 0.000000e+000 1.000000e+001 1.000000e+001
         vertex 7.232341e+000 9.187343e+000 1.000000e+001
         vertex 7.144859e+000 9.589493e+000 1.000000e+001
      endloop
   endfacet
   facet normal 0.000000e+000 0.000000e+000 1.000000e+000
      outer loop
         vertex 1.000000e+001 7.115499e+000 1.000000e+001
         vertex 9.589493e+000 7.144859e+000 1.000000e+001
         vertex 1.000000e+001 0.000000e+000 1.000000e+001
      endloop
   endfacet
   facet normal 0.000000e+000 0.000000e+000 1.000000e+000
      outer loop
         vertex 1.000000e+001 0.000000e+000 1.000000e+001
         vertex 9.589493e+000 7.144859e+000 1.000000e+001
         vertex 9.187343e+000 7.232341e+000 1.000000e+001
      endloop
   endfacet
   facet normal 0.000000e+000 0.000000e+000 1.000000e+000
      outer loop
         vertex 1.000000e+001 0.000000e+000 1.000000e+001
         vertex 9.187343e+000 7.232341e+000 1.000000e+001
         vertex 0.000000e+000 0.000000e+000 1.000000e+001
      endloop
   endfacet
   facet normal 0.000000e+000 0.000000e+000 1.000000e+000
      outer loop
         vertex 0.000000e+000 0.000000e+000 1.000000e+001
         vertex 9.187343e+000 7.232341e+000 1.000000e+001
         vertex 8.801735e+000 7.376165e+000 1.000000e+001
      endloop
   endfacet
   facet normal 0.000000e+000 0.000000e+000 1.000000e+000
      outer loop
         vertex 0.000000e+000 0.000000e+000 1.000000e+001
         vertex 8.801735e+000 7.376165e+000 1.000000e+001
         vertex 8.440520e+000 7.573403e+000 1.000000e+001
      endloop
   endfacet
   facet normal 1.000000e+000 0.000000e+000 0.000000e+000
      outer loop
         vertex 1.000000e+001 7.115499e+000 1.000000e+001
         vertex 1.000000e+001 0.000000e+000 1.000000e+001
         vertex 1.000000e+001 7.115499e+000 7.116056e+000
      endloop
   endfacet
   facet normal 1.000000e+000 0.000000e+000 0.000000e+000
      outer loop
         vertex 1.000000e+001 7.115499e+000 7.116056e+000
         vertex 1.000000e+001 0.000000e+000 1.000000e+001
         vertex 1.000000e+001 0.000000e+000 0.000000e+000
      endloop
   endfacet
   facet normal 1.000000e+000 0.000000e+000 0.000000e+000
      outer loop
         vertex 1.000000e+001 7.115499e+000 7.116056e+000
         vertex 1.000000e+001 0.000000e+000 0.000000e+000
         vertex 1.000000e+001 1.000000e+001 7.116056e+000
      endloop
   endfacet
   facet normal 1.000000e+000 0.000000e+000 0.000000e+000
      outer loop
         vertex 1.000000e+001 1.000000e+001 7.116056e+000
         vertex 1.000000e+001 0.000000e+000 0.000000e+000
         vertex 1.000000e+001 1.000000e+001 0.000000e+000
      endloop
   endfacet
   facet normal 0.000000e+000 0.000000e+000 -1.000000e+000
      outer loop
         vertex 0.000000e+000 1.000000e+001 0.000000e+000
         vertex 1.000000e+001 1.000000e+001 0.000000e+000
         vertex 0.000000e+000 0.000000e+000 0.000000e+000
      endloop
   endfacet
   facet normal 0.000000e+000 0.000000e+000 -1.000000e+000
      outer loop
         vertex 0.000000e+000 0.000000e+000 0.000000e+000
         vertex 1.000000e+001 1.000000e+001 0.000000e+000
         vertex 1.000000e+001 0.000000e+000 0.000000e+000
      endloop
   endfacet
   facet normal 0.000000e+000 1.000000e+000 0.000000e+000
      outer loop
         vertex 1.000000e+001 1.000000e+001 7.116056e+000
         vertex 1.000000e+001 1.000000e+001 0.000000e+000
         vertex 7.115499e+000 1.000000e+001 7.116056e+000
      endloop
   endfacet
   facet normal 0.000000e+000 1.000000e+000 0.000000e+000
      outer loop
         vertex 7.115499e+000 1.000000e+001 7.116056e+000
         vertex 1.000000e+001 1.000000e+001 0.000000e+000
         vertex 0.000000e+000 1.000000e+001 0.000000e+000
      endloop
   endfacet
   facet normal 0.000000e+000 1.000000e+000 0.000000e+000
      outer loop
         vertex 7.115499e+000 1.000000e+001 7.116056e+000
         vertex 0.000000e+000 1.000000e+001 0.000000e+000
         vertex 7.115499e+000 1.000000e+001 1.000000e+001
      endloop
   endfacet
   facet normal 0.000000e+000 1.000000e+000 0.000000e+000
      outer loop
         vertex 7.115499e+000 1.000000e+001 1.000000e+001
         vertex 0.000000e+000 1.000000e+001 0.000000e+000
         vertex 0.000000e+000 1.000000e+001 1.000000e+001
      endloop
   endfacet
   facet normal 0.000000e+000 -1.000000e+000 0.000000e+000
      outer loop
         vertex 1.000000e+001 0.000000e+000 0.000000e+000
         vertex 1.000000e+001 0.000000e+000 1.000000e+001
         vertex 0.000000e+000 0.000000e+000 0.000000e+000
      endloop
   endfacet
   facet normal 0.000000e+000 -1.000000e+000 0.000000e+000
      outer loop
         vertex 0.000000e+000 0.000000e+000 0.000000e+000
         vertex 1.000000e+001 0.000000e+000 1.000000e+001
         vertex 0.000000e+000 0.000000e+000 1.000000e+001
      endloop
   endfacet
   facet normal 9.988691e-001 4.754595e-002 0.000000e+000
      outer loop
         vertex 7.115499e+000 1.000000e+001 7.116056e+000
         vertex 7.115499e+000 1.000000e+001 1.000000e+001
         vertex 7.144859e+000 9.589493e+000 1.000000e+001
      endloop
   endfacet
   facet normal 9.954685e-001 9.509189e-002 0.000000e+000
      outer loop
         vertex 7.115499e+000 1.000000e+001 7.116056e+000
         vertex 7.144859e+000 9.589493e+000 1.000000e+001
         vertex 7.144859e+000 9.589493e+000 7.116056e+000
      endloop
   endfacet
   facet normal 9.819355e-001 1.892159e-001 0.000000e+000
      outer loop
         vertex 7.144859e+000 9.589493e+000 7.116056e+000
         vertex 7.144859e+000 9.589493e+000 1.000000e+001
         vertex 7.232341e+000 9.187343e+000 1.000000e+001
      endloop
   endfacet
   facet normal 9.718031e-001 2.357940e-001 0.000000e+000
      outer loop
         vertex 7.144859e+000 9.589493e+000 7.116056e+000
         vertex 7.232341e+000 9.187343e+000 1.000000e+001
         vertex 7.232341e+000 9.187343e+000 7.116056e+000
      endloop
   endfacet
   facet normal 9.450126e-001 3.270339e-001 0.000000e+000
      outer loop
         vertex 7.232341e+000 9.187343e+000 7.116056e+000
         vertex 7.232341e+000 9.187343e+000 1.000000e+001
         vertex 7.376165e+000 8.801735e+000 1.000000e+001
      endloop
   endfacet
   facet normal 9.283545e-001 3.716959e-001 0.000000e+000
      outer loop
         vertex 7.232341e+000 9.187343e+000 7.116056e+000
         vertex 7.376165e+000 8.801735e+000 1.000000e+001
         vertex 7.376165e+000 8.801735e+000 7.116056e+000
      endloop
   endfacet
   facet normal 8.888519e-001 4.581946e-001 0.000000e+000
      outer loop
         vertex 7.376165e+000 8.801735e+000 7.116056e+000
         vertex 7.376165e+000 8.801735e+000 1.000000e+001
         vertex 7.573403e+000 8.440520e+000 1.000000e+001
      endloop
   endfacet
   facet normal 8.660074e-001 5.000312e-001 0.000000e+000
      outer loop
         vertex 7.376165e+000 8.801735e+000 7.116056e+000
         vertex 7.573403e+000 8.440520e+000 1.000000e+001
         vertex 7.573403e+000 8.440520e+000 7.116056e+000
      endloop
   endfacet
   facet normal 8.145968e-001 5.800276e-001 0.000000e+000
      outer loop
         vertex 7.573403e+000 8.440520e+000 7.116056e+000
         vertex 7.573403e+000 8.440520e+000 1.000000e+001
         vertex 7.820040e+000 8.111053e+000 1.000000e+001
      endloop
   endfacet
   facet normal 7.860308e-001 6.181873e-001 0.000000e+000
      outer loop
         vertex 7.573403e+000 8.440520e+000 7.116056e+000
         vertex 7.820040e+000 8.111053e+000 1.000000e+001
         vertex 7.820040e+000 8.111053e+000 7.116056e+000
      endloop
   endfacet
   facet normal 7.237589e-001 6.900530e-001 0.000000e+000
      outer loop
         vertex 7.820040e+000 8.111053e+000 7.116056e+000
         vertex 7.820040e+000 8.111053e+000 1.000000e+001
         vertex 8.111053e+000 7.820040e+000 1.000000e+001
      endloop
   endfacet
   facet normal 6.900530e-001 7.237589e-001 0.000000e+000
      outer loop
         vertex 7.820040e+000 8.111053e+000 7.116056e+000
         vertex 8.111053e+000 7.820040e+000 1.000000e+001
         vertex 8.111053e+000 7.820040e+000 7.116056e+000
      endloop
   endfacet
   facet normal 6.181873e-001 7.860308e-001 0.000000e+000
      outer loop
         vertex 8.111053e+000 7.820040e+000 7.116056e+000
         vertex 8.111053e+000 7.820040e+000 1.000000e+001
         vertex 8.440520e+000 7.573403e+000 1.000000e+001
      endloop
   endfacet
   facet normal 5.800276e-001 8.145968e-001 0.000000e+000
      outer loop
         vertex 8.111053e+000 7.820040e+000 7.116056e+000
         vertex 8.440520e+000 7.573403e+000 1.000000e+001
         vertex 8.440520e+000 7.573403e+000 7.116056e+000
      endloop
   endfacet
   facet normal 5.000312e-001 8.660074e-001 0.000000e+000
      outer loop
         vertex 8.440520e+000 7.573403e+000 7.116056e+000
         vertex 8.440520e+000 7.573403e+000 1.000000e+001
         vertex 8.801735e+000 7.376165e+000 1.000000e+001
      endloop
   endfacet
   facet normal 4.581946e-001 8.888519e-001 0.000000e+000
      outer loop
         vertex 8.440520e+000 7.573403e+000 7.116056e+000
         vertex 8.801735e+000 7.376165e+000 1.000000e+001
         vertex 8.801735e+000 7.376165e+000 7.116056e+000
      endloop
   endfacet
   facet normal 3.716959e-001 9.283545e-001 0.000000e+000
      outer loop
         vertex 8.801735e+000 7.376165e+000 7.116056e+000
         vertex 8.801735e+000 7.376165e+000 1.000000e+001
         vertex 9.187343e+000 7.232341e+000 1.000000e+001
      endloop
   endfacet
   facet normal 3.270340e-001 9.450126e-001 0.000000e+000
      outer loop
         vertex 8.801735e+000 7.376165e+000 7.116056e+000
         vertex 9.187343e+000 7.232341e+000 1.000000e+001
         vertex 9.187343e+000 7.232341e+000 7.116056e+000
      endloop
   endfacet
   facet normal 2.357940e-001 9.718031e-001 0.000000e+000
      outer loop
         vertex 9.187343e+000 7.232341e+000 7.116056e+000
         vertex 9.187343e+000 7.232341e+000 1.000000e+001
         vertex 9.589493e+000 7.144859e+000 1.000000e+001
      endloop
   endfacet
   facet normal 1.892159e-001 9.819355e-001 0.000000e+000
      outer loop
         vertex 9.187343e+000 7.232341e+000 7.116056e+000
         vertex 9.589493e+000 7.144859e+000 1.000000e+001
         vertex 9.589493e+000 7.144859e+000 7.116056e+000
      endloop
   endfacet
   facet normal 9.509189e-002 9.954685e-001 0.000000e+000
      outer loop
         vertex 9.589493e+000 7.144859e+000 7.116056e+000
         vertex 9.589493e+000 7.144859e+000 1.000000e+001
         vertex 1.000000e+001 7.115499e+000 1.000000e+001
      endloop
   endfacet
   facet normal 4.754595e-002 9.988691e-001 0.000000e+000
      outer loop
         vertex 9.589493e+000 7.144859e+000 7.116056e+000
         vertex 1.000000e+001 7.115499e+000 1.000000e+001
         vertex 1.000000e+001 7.115499e+000 7.116056e+000
      endloop
   endfacet
   facet normal 0.000000e+000 0.000000e+000 1.000000e+000
      outer loop
         vertex 9.589493e+000 7.144859e+000 7.116056e+000
         vertex 1.000000e+001 7.115499e+000 7.116056e+000
         vertex 1.000000e+001 1.000000e+001 7.116056e+000
      endloop
   endfacet
   facet normal 0.000000e+000 0.000000e+000 1.000000e+000
      outer loop
         vertex 7.573403e+000 8.440520e+000 7.116056e+000
         vertex 7.820040e+000 8.111053e+000 7.116056e+000
         vertex 1.000000e+001 1.000000e+001 7.116056e+000
      endloop
   endfacet
   facet normal 0.000000e+000 0.000000e+000 1.000000e+000
      outer loop
         vertex 1.000000e+001 1.000000e+001 7.116056e+000
         vertex 7.820040e+000 8.111053e+000 7.116056e+000
         vertex 8.111053e+000 7.820040e+000 7.116056e+000
      endloop
   endfacet
   facet normal 0.000000e+000 0.000000e+000 1.000000e+000
      outer loop
         vertex 1.000000e+001 1.000000e+001 7.116056e+000
         vertex 8.111053e+000 7.820040e+000 7.116056e+000
         vertex 8.440520e+000 7.573403e+000 7.116056e+000
      endloop
   endfacet
   facet normal 0.000000e+000 0.000000e+000 1.000000e+000
      outer loop
         vertex 1.000000e+001 1.000000e+001 7.116056e+000
         vertex 7.115499e+000 1.000000e+001 7.116056e+000
         vertex 7.144859e+000 9.589493e+000 7.116056e+000
      endloop
   endfacet
   facet normal 0.000000e+000 0.000000e+000 1.000000e+000
      outer loop
         vertex 8.440520e+000 7.573403e+000 7.116056e+000
         vertex 8.801735e+000 7.376165e+000 7.116056e+000
         vertex 1.000000e+001 1.000000e+001 7.116056e+000
      endloop
   endfacet
   facet normal 0.000000e+000 0.000000e+000 1.000000e+000
      outer loop
         vertex 1.000000e+001 1.000000e+001 7.116056e+000
         vertex 8.801735e+000 7.376165e+000 7.116056e+000
         vertex 9.187343e+000 7.232341e+000 7.116056e+000
      endloop
   endfacet
   facet normal 0.000000e+000 0.000000e+000 1.000000e+000
      outer loop
         vertex 1.000000e+001 1.000000e+001 7.116056e+000
         vertex 9.187343e+000 7.232341e+000 7.116056e+000
         vertex 9.589493e+000 7.144859e+000 7.116056e+000
      endloop
   endfacet
   facet normal 0.000000e+000 0.000000e+000 1.000000e+000
      outer loop
         vertex 7.144859e+000 9.589493e+000 7.116056e+000
         vertex 7.232341e+000 9.187343e+000 7.116056e+000
         vertex 1.000000e+001 1.000000e+001 7.116056e+000
      endloop
   endfacet
   facet normal 0.000000e+000 0.000000e+000 1.000000e+000
      outer loop
         vertex 1.000000e+001 1.000000e+001 7.116056e+000
         vertex 7.232341e+000 9.187343e+000 7.116056e+000
         vertex 7.376165e+000 8.801735e+000 7.116056e+000
      endloop
   endfacet
   facet normal 0.000000e+000 0.000000e+000 1.000000e+000
      outer loop
         vertex 1.000000e+001 1.000000e+001 7.116056e+000
         vertex 7.376165e+000 8.801735e+000 7.116056e+000
         vertex 7.573403e+000 8.440520e+000 7.116056e+000
      endloop
   endfacet
endsolid